738.397511098	31.9192465546
739.404680401	29.2979757747
742.435903451	25.0073538192
743.388577218	28.7782206522
744.395836039	121.755451151
758.411010551	130.266316821
769.412611201	41.4906436696
779.981876395	149.994906079
781.434919286	31.0645190807
782.439369851	27.5338545874
783.454767984	66.2382391356
784.461632819	70.4519064643
785.430741074	182.980948579
786.413324039	173.690210333
800.428488381	43.2654257896
801.449424615	255.559487143
821.418744529	33.1731753472
833.111610307	82.4655065743
836.469776476	875.632241656
840.49532317	180.778442402
841.487257755	327.812421467
842.51826026	377.269293281
843.459542589	241.093598966
851.485590865	222.503833239
852.471979203	489.296606361
853.458602201	602.72337279
868.499785863	581.24540057
869.496221009	418.140493455
871.055630801	127.899937439
886.474342743	405.508363646
887.466090548	434.622808624
892.536354861	101.446750315
898.548514129	483.332396618
899.538126955	942.895613274
902.467850606	25.3411830868
908.534660309	634.070877391
910.609997304	162.182193219
912.521682313	25.130394908
924.645566632	60.7019468041
928.461579597	131.79373918
945.480532787	70.3096320173
946.470670075	174.702322784
950.506405152	388.549308469
978.511985349	43.1950329124
988.489310397	81.8583593519
1020.55687027	24.9305198901
1029.5280763	39.0208425826
1038.58492706	51.9703628826
1060.10223237	327.36990448
1070.55199597	26.2890056792
1077.59045632	32.2750244142
1078.58484893	28.7484191396
1088.58048116	112.116657194
1095.61543155	1664.65367323
1102.57859487	30.1447735071
1105.62790049	4020.58368472
1106.62348986	4477.27663357
1110.6212885	46.4296822333
1120.58864208	24.7193774287
1121.61357415	36.5106440985
1122.60153012	45.2152246542
1123.58573511	36.5663217127
1125.57862424	249.916295979
1126.57293123	329.651797044
1131.57958966	31.2063706013
1132.53665144	327.652768767
1143.5770163	50.3341014531
1144.56530376	71.8905222279
1153.60366821	25.3927889126
1154.6138558	25.2481446158
1157.57952283	35.2964279685
1158.5521991	32.1003995692
1162.63395712	31.4978266563
1163.64843939	42.1006696147
1164.64172521	48.2898042061
1165.6351888	44.1505927276
1172.59368808	26.2744074013
1176.62514916	24.8187350282
1177.62209465	93.4118006196
1178.60966069	186.561569379
1179.62991354	168.096695284
1181.62683568	40.5035671144
1182.66572261	692.567567918
1192.68638853	27.1236096533
1193.6472233	45.1309653089
1194.60808868	60.2898188561
1198.64157413	36.9015641623
1199.65788221	73.1211924515
1201.63234383	113.939332605
1202.62755832	339.389786004
1205.66323256	35.3840527805
1220.62832891	30.5351429897
1221.68382232	1734.16274643
1227.670275	25.3229593045
1228.64712474	40.067824341
1235.6695629	885.910463389
1238.68015529	51.5044972637
1240.67363123	35.0306986781
1244.6571847	68.9598945814
1248.61548609	31.0295151341
1249.61624528	53.2556373337
1251.63003479	38.4380575167
1253.68311053	66.1450573321
1262.66348839	27.3038265614
1263.70071468	26.9191162189
1264.61467653	37.6046561226
1265.62974296	85.5614000143
1267.72874238	953.953038804
1277.72213052	48.483950748
1278.7106107	54.7609810526
1283.67893527	26.6861507616
1307.69829846	27.3093417207
1308.69523266	39.7142061341
1310.7151672	34.9413521559
1311.69147145	251.298864102
1323.7120924	27.4547187412
1324.70734888	31.2435169582
1328.70093968	44.6228475007
1332.71056528	88.721003883
1333.69869323	132.303833371
1343.74319707	33.7849376468
1436.77378567	31.5492881715
1450.76261456	31.5355042393
1453.8096397	6913.01445635
1464.76059123	33.4725190726
1465.75931712	4591.28174208
1469.79873021	513.407025761
1475.78087161	41.5597543954
1476.82364446	52.4976547356
1485.80278707	35.4989463958
1487.79046023	39.5571164557
1491.75198118	59.2500326797
1493.77923372	35.9524201464
1494.34179916	45.3829318908
1501.77138431	3040.02297149
1506.80611425	39.0932698322
1510.79093161	238.14080311
1514.80261666	33.094367676
1517.79320437	73.6358752512
1520.81352283	39.418565848
1522.77158367	49.0381747502
1530.80767681	31.3832803406
1532.85400686	3968.74035714
1544.83647398	46.2130290664
1546.8470839	131.287316931
1547.85528744	177.47197899
1548.85216536	214.710028094
1549.79873663	383.608355381
1561.8499273	45.9049558113
1562.86684305	5172.16963128
1566.82736458	801.870671091
1570.83109188	41.7215611798
1578.84572557	83.5665216404
1586.829542	2132.48930506
1591.85645449	54.187745346
1592.83818958	296.916582483
1600.8144643	34.9769438635
1601.8169518	43.086966107
1602.87459475	171.909096118
1605.85308623	56.6351658916
1607.85950869	64.1991542569
1608.83628857	1082.40710135
1624.83023034	73.0544396947
1627.8387792	43.0198782764
1628.83465742	85.2393449997
1631.89324081	451.325918996
1632.89140358	631.674614793
1644.80317734	313.861315372
1648.84599148	111.829416217
1655.87352411	929.700127418
1662.84228123	45.0398230681
1664.84685379	194.260745373
1668.85399036	46.1927919812
1670.85403798	57.6744595904
1677.89794206	34.9729746387
1683.8824794	44.3129287508
1685.89406943	42.9363279521
1687.91567502	44.9770614959
1690.88485862	136.120115616
1691.85952361	248.19107794
1699.90781807	38.5210199476
1701.89826251	43.7565877498
1702.89680776	56.194370271
1704.89555707	69.2217573063
1706.86153023	1532.381186
1707.8587525	2943.964791
1720.95141249	41.2626807419
1722.92343846	87.8007788032
1723.93142161	132.44255193
1728.91638791	43.6245221319
1730.93618597	55.1528745096
1732.92017233	41.6686905221
1733.9310872	71.7847043965
1735.92720344	46.3259956929
1746.91098924	99.783117728
1747.88771782	181.03648214
1750.90489833	56.546773359
1752.89895012	218.052009028
1759.82138475	66.9206542017
1760.79547672	156.15564472
1763.88514284	43.0672158176
1764.93250935	64.2561887907
1765.92947812	88.3798210846
1768.93556134	37.6640258948
1777.40215479	47.6334205133
1784.9419958	45.6190380173
1791.95609554	39.9288118607
1792.94198279	80.4953126965
1793.38803132	225.925011774
1799.88360445	281.174939089
1803.95870245	41.7463285993
1815.89331426	39.1776959233
1817.93758584	47.0478996875
1832.93855824	217.191150986
1840.99649315	34.0293111173
1841.9847345	128.783334894
1848.94563738	772.446228145
1864.94891219	98.1343544061
1948.04946882	406.091790257
1990.07902622	40.6115036789
2006.05374442	360.44288975
2007.04813489	800.629800925
2016.04906896	95.706936439
2042.22966166	72.8311855492
2043.21224052	130.09646447
2051.03650774	29.193536
2052.05141392	54.6036859385
2053.05811219	148.087127389
2056.0836035	41.6675945535
2058.05587246	1147.08365573
2072.17479969	36.8593041366
2090.07732137	33.9239976384
2105.09386588	124.920478401
2106.09070946	372.603100354
2121.11534027	70.0966838157
2122.09207378	168.301637315
2129.24043416	2259.83608909
2134.15521118	83.7559002853
2145.21860582	31.7274546004
2150.0629464	47.2515246766
2151.07094842	126.740894361
2160.16755527	35.5540736053
2161.17827949	58.6183125634
2215.12074863	32.3821039589
2216.14077258	309.21944498
2232.1600524	724.904574938
2256.14196175	56.7281218628
2266.22942883	42.845378267
2272.17672584	60.6630377534
2304.17564352	26.7143002508
2316.14231924	40.6246078066
2317.16710886	111.355035866
2415.24705968	29.2282364486
2455.32856547	26.2247489788
2471.34111097	45.8660281131
2497.30016679	22.5237377153
2502.3008191	30.8686648774
2513.32626342	86.2052696294
2525.30740147	165.909989191
2549.2989788	20.2661476566
2553.30618158	27.5403963191
2703.33708171	56.0922358365
2704.33986036	205.839287378
2705.36036942	565.151104915
2719.35920998	52.3221185788
2720.35689053	195.143410064
2727.47376246	35.3869979111
2808.43711876	22.8970499963
2809.45981303	55.2271603814
2823.48281164	29.9424174185
2867.56243305	17.0874584149
2882.53070498	31.3698523135
2883.55346847	290.827021866
2899.55587562	147.543592827
2957.68260028	39.340359184
2958.65903685	96.7742347474
2960.56706473	239.333899806
3077.50932979	43.569067623
3118.5791286	16.8375504331
3132.46897909	15.973536975
3133.50473012	75.2834967885
3150.49802254	13.1567351047
3172.61007599	42.1005501377
3185.53584624	22.2052792046
3186.56640747	55.308519898
3389.65813382	16.6550279208
