712.165108942	14.2822105455
743.37787856	14.8651504552
744.420141603	35.9845452695
784.459003413	20.9544412895
785.424574986	39.6665529887
786.445429523	35.1094341786
801.45650987	60.6720307573
801.742265908	28.6025868258
835.438422433	15.0057064396
836.475004765	246.284057013
837.472884849	269.614293654
841.493310622	105.074614499
842.540012019	403.241186727
850.474703622	14.9921099791
851.495461149	19.2965965243
852.473635835	28.9582689063
853.460579651	271.698022044
868.509712693	106.060729021
869.500482486	111.884715999
870.569739827	138.644627352
881.491389561	18.0947368016
884.493405134	15.6256785258
885.46173452	18.2880366598
886.478065642	41.149434892
887.467958206	103.88827794
891.50431266	16.0212339117
892.545366048	16.1872167124
897.441568445	15.4072413255
898.54271093	28.2619398263
899.541696998	384.199396971
908.536315634	165.078184154
910.637151102	154.384422462
924.649510799	88.289278542
927.52697747	15.2830004849
928.477669131	44.7450800114
950.511177989	122.585703249
988.493629405	23.5303362788
989.488876233	30.0769470475
1013.52655658	19.1526510544
1029.52561214	17.0329696443
1088.5937833	27.0041122372
1089.58403084	22.0398709906
1095.60047067	78.6747050897
1105.62250817	1248.53146664
1106.61613375	2564.58385365
1121.6142428	25.7789735321
1122.59526072	22.0841727233
1125.60553251	29.2626002052
1126.5891904	72.1031147623
1131.60181424	17.2428331569
1132.54841811	104.799526582
1158.57014911	18.7783914743
1159.56216327	25.6530284379
1162.63112343	18.4525906872
1163.63290785	21.5319000126
1164.62512966	17.4410447312
1178.61847845	97.8325438154
1181.62378907	22.6186528036
1182.6651893	212.025267067
1191.62034615	20.1248668546
1199.65346726	45.8431361801
1201.63020292	42.4436916801
1202.62609646	86.2403958332
1221.69137114	203.935427307
1235.67239655	645.88304981
1250.65414079	27.8282727959
1251.65667235	30.2751420865
1265.70315292	26.6566629693
1267.73210774	423.808414735
1280.67543213	22.9229810873
1311.6885115	523.734587948
1328.67703764	34.0268563339
1333.70593033	47.6949588701
1447.78073559	24.700161243
1449.77436756	29.7539619123
1451.76334852	28.0854838043
1453.8091912	5152.93055001
1458.79846872	28.9308741916
1465.76036975	3409.34471191
1469.79722356	451.419589323
1475.79871478	25.0008661925
1481.76656118	28.3244136392
1486.78606644	19.7747008641
1487.74078578	29.8025036249
1488.82275892	37.0990010201
1490.81409217	31.4547258294
1491.76871107	54.0196678926
1494.36906658	24.6555342858
1501.77559606	609.291792106
1505.77476889	35.6262174612
1510.79508312	123.439748404
1513.76646287	25.3817083086
1515.75284763	21.9378803507
1517.80922093	102.894402987
1520.77362714	66.6593455324
1523.77829043	20.0100593795
1530.82910754	24.8165718488
1532.85109749	5609.60750737
1546.85486986	84.787428562
1548.83855272	140.511303312
1549.78618262	213.413458123
1561.85379271	45.134856294
1562.85796415	4198.39569633
1566.8224956	825.620416512
1577.83890214	21.7641329182
1578.84689488	42.1368775692
1580.8283785	38.3125136716
1582.80587177	28.2529312302
1584.79065077	27.3997708783
1586.8331875	901.767340015
1590.85128334	46.767999962
1592.85480383	144.313470188
1600.81377056	23.9555065339
1607.81384536	23.0613678883
1608.835057	667.38071004
1622.87062352	23.9521755438
1624.82355779	40.311158809
1628.84002368	23.4729379382
1631.86197342	40.0265967332
1632.8704631	312.913824713
1646.85337543	41.7413406263
1654.86346541	29.058497392
1655.87773007	93.3489949133
1656.88013293	145.621591437
1663.8684254	23.8033166059
1668.86346439	22.1353991701
1669.86104568	40.8397973748
1670.85381299	66.6035541267
1675.85923438	21.2037869566
1676.88123098	29.6913625822
1678.86493699	26.5456724049
1683.86892388	29.8510811512
1685.85219198	26.1071596156
1690.86534945	107.753705426
1691.85582442	213.996419337
1697.86485668	23.4318848964
1702.84484107	42.0394206036
1704.90176409	40.8097269926
1706.85378965	1176.73378306
1707.84731254	2632.87253718
1712.87571245	24.487207173
1721.89736432	27.6367097768
1722.89273201	55.8253441251
1733.90724076	36.5134051783
1735.8589205	38.7441098498
1738.86556972	25.015956827
1749.86825437	26.8449604565
1751.88871103	36.9506733799
1752.89681543	166.88698325
1755.90563334	45.0901159804
1759.86058535	21.5472975401
1760.80691061	76.82819353
1764.89412015	34.5294393321
1766.91511767	45.3877872738
1769.92990792	21.9189865468
1776.95467382	24.9111206978
1784.00597224	22.4438862489
1790.91959282	21.6049650845
1792.9126775	31.4932768373
1799.87398942	180.218654154
1806.93667601	23.6257188509
1815.90646501	24.3242571516
1817.92396888	28.6861803114
1832.9349869	123.497845053
1841.95966932	48.5502880338
1848.93867187	182.53869687
1849.93663065	306.115791934
1864.96619226	29.6483373943
1901.97845898	58.1196761585
1948.02446166	31.2856063005
1959.02140031	62.9301110188
1974.00988033	22.2935534947
1991.03769168	19.149418275
2006.04562852	25.6350164206
2008.0238005	41.65795871
2021.01617059	18.4855181657
2023.00768772	26.3120936333
2034.03831791	21.1500001133
2050.04626733	33.2478805086
2052.06055091	50.5016844661
2053.05562198	228.877435185
2058.04907846	92.6759993052
2063.05075263	23.8944915303
2088.03848649	22.362501734
2090.07558233	80.5498713931
2091.07969651	185.651447901
2095.09394651	132.668244016
2103.03092807	18.2078131949
2105.07901911	27.1935517776
2106.09198064	245.457813948
2107.07787006	568.291403961
2117.06001728	19.4443567141
2119.08307483	25.5188553122
2122.07515268	67.1422844139
2123.09086443	200.587993876
2129.23464628	178.482258077
2134.07424892	48.2005517692
2135.07426455	266.048382609
2150.03462725	23.7456906481
2151.07372083	134.541883922
2157.05726006	26.6857725809
2159.16943709	17.2719746355
2160.11724736	38.634135399
2169.12278527	17.1716115918
2173.04270415	24.3881916494
2198.08529572	16.7436031368
2201.16093348	34.844131093
2213.11672655	25.5436322626
2216.16053704	813.18115598
2226.10248123	17.5952155729
2227.11040173	35.6817691386
2228.10590888	105.736870907
2232.15104011	202.963486199
2237.16550266	17.9041955567
2247.15215928	18.3680477513
2254.11790746	17.0976665271
2256.15649194	45.1504492713
2260.18510761	17.2333056731
2265.23768139	17.2126537283
2266.19336828	53.527075035
2269.2000052	22.7453472802
2272.13054427	34.2295005513
2285.19315191	18.8578789161
2288.18204069	33.5084001103
2301.16693713	31.0296968021
2303.15806075	35.3970807708
2315.22516737	17.9043575642
2317.14437347	42.9030804424
2318.14479666	200.699970119
2359.21153371	14.9697204139
2370.21756874	28.1687295848
2373.18905612	20.5579380462
2386.24851573	34.4459527125
2455.29395032	13.1075071942
2471.30801178	18.3583088229
2525.32138917	147.811797063
2549.31285067	33.7669649074
2705.40952221	19.7331479984
2706.36823153	101.623915116
2722.40767079	10.6847829005
2809.47150345	24.9347953399
2868.50245731	8.60286277905
2883.55708025	54.9509417907
2899.56291711	13.1227797562
2960.51989161	35.1957771349
2961.52056814	174.899700157
3077.55185234	17.0172296967
3078.51717981	44.6693628551
3118.61936489	9.85744691523
3120.44883702	8.84588489362
3132.58868299	5.86327906115
3133.53868764	31.5426235092
3134.53371569	82.5856460907
3149.5734167	6.17247635047
3172.59422835	34.0867896268
3186.58041317	18.1687703978
