707.113710122	158.446768532
785.476692644	135.042522454
833.151331654	423.032977757
836.523290002	607.242160164
837.516860358	633.29224148
839.155335552	534.224251258
841.54058656	194.000166394
842.508856831	161.305377159
851.519718867	155.597172145
852.517867677	177.285867499
853.50021561	267.365787844
855.12961694	2216.63790189
868.554483162	296.602050885
869.552064282	315.900991476
886.507055207	173.521969066
887.516267471	276.068573609
898.591115733	122.4602158
899.589176868	411.355862916
908.575006583	374.310252654
950.559117526	440.759912623
1044.18081048	234.698957382
1060.16059361	769.098150751
1066.17275978	380.195409926
1095.6692062	2057.3690284
1105.66141387	3183.60344582
1106.65514096	5002.51283688
1110.67950443	142.777459021
1125.63520585	142.144803735
1126.62381931	312.127668262
1132.59161653	107.938423565
1133.63043122	90.6450266665
1162.68814814	77.4922143156
1163.69019145	84.741052823
1164.70191287	180.585378991
1177.66917388	77.4218193652
1178.6551234	249.417337598
1182.72814258	266.562288472
1202.65569377	211.847638994
1221.74437782	1759.61825511
1235.72384212	879.197310695
1250.70272718	77.0089557262
1253.70184928	78.7720284247
1266.69346053	88.5120098742
1267.77004091	1116.48154052
1280.71585015	76.5628261143
1311.72765569	411.941047291
1325.69850503	95.9514121092
1328.73654145	119.667452829
1332.75462165	104.512336705
1333.76096153	262.802973237
1447.87822937	140.021400429
1449.83366912	92.7554506049
1452.79312297	74.5824508109
1453.8509903	5683.04737902
1457.84254162	160.964605146
1465.80689213	5635.68085841
1469.84073135	443.230438016
1481.80875702	111.688970081
1501.82325104	2826.87628883
1510.85727542	193.491368702
1517.8842254	224.45629549
1520.81440742	137.650710193
1530.87092516	76.6431926612
1531.85180849	97.7220261476
1532.8951876	12187.8083981
1544.90471156	173.887777678
1546.90582692	462.985804027
1548.90527086	370.28010417
1549.84402385	595.823417628
1561.92552573	416.352791256
1562.91720548	10237.7710831
1566.88502293	1196.65742224
1578.90959918	123.128120451
1584.85804727	88.9199112979
1585.89751459	186.05734223
1586.88123946	4449.21099874
1590.89880666	159.133159368
1592.88475869	514.104150082
1601.89430903	78.5365146144
1606.91843158	92.5717189761
1608.8910601	1074.36229704
1628.90839105	123.593370312
1630.91750594	89.0035283223
1631.93431473	189.251147058
1632.93302414	435.666036432
1644.88419738	166.942117282
1646.89337387	134.068654812
1648.91524689	149.814526866
1655.93233397	369.660917072
1662.8807879	79.4460571883
1664.9351018	146.426665343
1669.92030125	89.1428306039
1670.89197033	135.115298007
1672.90314242	105.514123872
1676.9451486	76.1379540994
1688.90927405	102.721140015
1689.8992561	163.489764718
1690.89323599	577.562967239
1691.88494619	1065.43520046
1701.87346498	128.843573784
1703.9036794	138.043281718
1704.3492898	77.7242187082
1705.91504696	125.970375981
1706.88200943	3161.02548213
1707.87626959	7744.57513768
1722.92631684	127.196014273
1723.94561267	224.810988452
1733.99151729	113.158756283
1743.97353627	98.492015663
1749.94464227	85.1651223255
1750.97418473	108.399830766
1751.96897395	147.597552636
1752.95814035	518.478787747
1758.92992521	82.3090972452
1759.85327566	246.431805674
1760.85463824	424.587203613
1763.950317	79.3645209202
1765.96254942	106.571030249
1777.38788788	123.374389606
1793.3887843	671.377751163
1799.94288609	178.747061186
1816.98345169	77.7153799434
1818.01159616	151.126143294
1832.97183273	773.499226281
1842.03804866	506.848250864
1848.96961583	2490.95785305
1864.99556272	238.451102766
1951.04716636	69.7448382655
2016.08229884	168.58456032
2044.14037366	80.76039371
2052.0853327	193.447302517
2053.05910605	644.057462001
2057.08109331	77.4406625129
2058.09861075	421.358503911
2069.08964751	70.5731952889
2089.08990422	70.3870979059
2091.09006202	185.777704463
2095.12805326	876.127543388
2105.10408202	149.462023071
2106.1068416	691.637527228
2107.09740557	1552.39922088
2117.08708292	160.041915038
2121.14508016	69.2269579681
2122.0924164	224.752879289
2123.10008391	444.241975137
2129.2939116	599.775783267
2134.08562733	298.955722573
2135.07311694	1202.78340147
2149.12507916	87.5441003053
2150.10284878	277.7839722
2151.07642244	809.844477664
2157.10806624	103.089902282
2159.13065604	94.9463110101
2161.23704446	273.326243302
2169.18409403	83.7133599001
2173.1129848	82.4329322417
2185.15754279	79.6417009596
2215.13312919	70.8701506384
2216.17957657	1827.41719994
2227.13145708	120.00596379
2228.12292647	278.091406706
2232.16862698	240.9247545
2265.22264632	85.1091318638
2266.23050911	331.985670413
2272.13545825	62.1807987524
2282.20741253	70.1806841238
2288.2241223	84.9195313698
2301.16070435	79.7593816226
2316.16347251	107.903430389
2317.1381421	383.22402208
2318.13180197	789.47199198
2355.22942049	55.5288530594
2357.22731598	97.5160460555
2358.22963467	234.930021083
2359.2130111	445.623310751
2385.27063681	63.5385324538
2387.23420575	174.508993491
2414.30070502	79.3143428803
2415.24829851	253.872832745
2443.29663637	72.6814523523
2455.37598897	125.409997758
2471.36658263	167.463585412
2502.3087648	102.185649918
2513.33127427	81.8351872516
2524.37246572	110.208025173
2525.33483254	878.474505531
2543.28089085	58.2783828732
2548.31057578	87.5522375858
2549.32185286	298.169176428
2566.33766574	67.5119852795
2570.34130999	45.5407660347
2705.38585256	163.579095896
2706.38555256	475.427314638
2721.36357293	53.5432601387
2727.45464204	44.911819546
2728.45755153	146.070200417
2809.48890107	33.5456244754
2868.59236738	40.6428926
2881.58654395	29.9152304174
2883.58462984	840.321174786
2899.5505716	109.40264207
2958.65321109	47.0846655395
2960.51399351	368.702071994
2961.49194233	984.225422952
3077.53332966	70.8002743535
3117.52702351	44.0086992112
3132.50841434	29.0526570374
3133.51120272	105.312522805
3134.5047433	261.625741988
3169.55762962	23.1692303155
3171.57670913	40.4981298286
3184.6069876	23.9131796649
3185.55199605	103.970832187
3186.55632782	283.840069408
3388.69072616	17.2714817922
3389.73833509	63.9160637135
