784.461433313	53.7760730677
785.448527694	221.993932837
809.468341157	130.271438052
833.109211019	328.505205134
836.46176792	272.095903266
837.469248871	203.350428746
841.491143621	97.0042891242
850.256588643	226.408319579
852.471158411	103.53627888
853.44879749	153.194711568
854.447861494	154.553233538
855.078976142	278.990072959
855.43369715	174.079993405
868.489255087	181.678951331
882.602665292	104.15970521
886.454333383	98.9083528581
898.532961509	154.13174634
899.530019323	212.092448067
908.515514076	77.5883339224
909.530483152	58.8613178989
910.629712874	1521.7155177
924.646874189	631.613190689
938.664013983	95.6772877141
950.518566402	78.6785563384
1060.09659502	538.966965926
1095.600128	179.0749617
1105.61502608	1524.30602527
1106.60813733	1572.12989485
1115.56797015	36.4377966651
1116.52996022	94.1141574672
1125.58281048	35.515490499
1162.65160019	49.5605439284
1177.60603497	64.0004898875
1178.57852105	89.9656441659
1182.63872332	75.499030339
1192.6806998	45.3622865365
1193.69892629	58.6194761445
1201.61502636	61.2142930814
1202.6089007	121.061839343
1208.7063196	174.025451625
1209.70662807	300.453458496
1250.59843826	34.6421642279
1261.65934963	234.902592616
1267.70516774	286.796817048
1281.64522144	97.2921046093
1328.7176796	127.070284081
1352.64648263	41.7177203629
1391.22102734	45.128551278
1391.72352925	86.9711801056
1427.24694641	32.4355709599
1427.769252	3280.81404829
1435.72294061	1131.62061777
1443.76306939	53.5594816364
1453.79146004	69.0895485225
1459.73525124	654.171040737
1473.72517952	152.965603633
1485.79697594	37.2446619849
1492.73215279	79.7977020882
1516.80304299	32.1830890356
1517.77981874	60.229649126
1532.81995478	336.478551349
1547.82250396	38.5255258369
1548.82783103	51.3865192665
1549.8119756	69.4405475745
1560.85806111	2881.9747053
1562.85192225	2613.21067443
1580.80543099	194.000359206
1585.80131753	50.4465154365
1586.80351342	575.520167969
1591.82953507	41.6074535769
1592.82035753	68.3600605565
1607.83536931	42.5594925792
1614.78918367	34.2352085443
1615.86305154	72.9507641181
1616.84730489	143.828291775
1648.8722578	2317.82706984
1654.80519156	33.7401941313
1655.84135364	116.447661639
1656.84532416	176.160594393
1661.81486939	35.5309908642
1663.82204007	32.2378390364
1679.83000344	32.4997975672
1683.84637307	38.8365853539
1690.83025277	238.484406694
1691.82509106	322.654652969
1697.84395838	30.7182403097
1701.82316795	34.0039462946
1705.84960985	38.0249451304
1706.81644446	1532.72266312
1707.81471901	2300.70998768
1722.88257344	50.5569922033
1724.88612359	42.3588345803
1726.89790569	141.031495316
1727.90794633	201.231294533
1759.84216405	39.1516837784
1769.91921818	42.1029773066
1777.30383341	66.4411853561
1793.34601328	65.7986071338
1804.94615979	38.4722414732
1816.91976491	179.925637296
1831.95514592	40.5281872225
1832.9187311	529.538328799
1848.90840939	279.484003425
1863.910926	55.0824653599
1864.90719373	91.5375787111
1888.97902085	41.7802909085
1960.15526895	34.7483291607
1961.13057314	52.9008783334
1976.04767724	716.998230978
1998.00798561	38.3341180943
2020.01369854	83.0604826811
2041.26583036	37.7818869081
2043.13219881	65.9322789335
2050.00234074	44.3902924607
2052.00755527	191.413273641
2056.15236347	220.63215522
2058.04785838	611.012592541
2072.13968011	154.765980613
2073.09978574	458.034181241
2074.07485915	868.727732929
2089.0500762	305.832878584
2090.04889288	1052.59503354
2105.04058139	69.4995464131
2106.04563262	147.261323285
2129.19798622	101.354037492
2131.1740517	4507.34293727
2135.04885	786.469729457
2150.01121346	96.3213892667
2151.03922222	268.352942184
2160.12493721	45.4091160005
2200.06835682	39.0765023241
2216.11780527	915.243160004
2232.11572355	62.1131584013
2255.11356015	41.2404765017
2256.11821713	171.68240278
2261.17359869	38.33832332
2272.0992547	108.17998733
2286.14374636	37.5718927001
2301.11975299	61.0663498678
2307.15534477	60.5167104971
2308.16010436	162.228057402
2316.10555501	73.5364538556
2317.08280571	140.757602948
2326.16430949	44.5820300431
2337.22523963	61.5752373336
2394.17902414	50.9773042528
2410.20014683	193.922417187
2411.19240857	465.275372081
2415.19460517	144.902237853
2471.27549036	80.7182337833
2487.27217396	124.87211304
2497.28789516	41.9715090355
2501.2627688	44.8874748808
2513.24592103	42.0005973867
2549.25518567	138.682644669
2573.2846709	39.2458565989
2581.28318254	58.0392976569
2582.30586943	278.839893647
2583.29476991	643.982248424
2589.2713232	37.6025843633
2591.30571397	59.363794597
2689.33640471	63.0105843951
2690.31645225	208.251996864
2696.31389734	45.9443647525
2703.28849566	249.043111152
2704.28949376	1036.08122111
2705.31147378	3157.03703237
2719.27498451	131.869731721
2720.29000108	338.005893654
2765.5200811	47.0784237966
2770.43969176	49.7512186065
2781.42268534	214.987172234
2792.40745444	183.859316443
2793.41598303	483.142277117
2837.46313908	61.8385806979
2851.48133676	40.8520772003
2853.4826188	4196.00655043
2865.44379475	55.934982757
2868.4551423	43.2563971611
2869.47582232	310.347003774
2880.45046219	107.312565123
2881.46080004	294.067442021
2895.41194458	47.9795814622
2899.48108029	46.4386310345
2902.4350406	60.4933087037
3002.44586133	67.9519633029
3017.44951233	195.394152058
3018.43700788	987.217515906
3033.54344899	931.659698946
3034.54097263	2865.4652187
3044.45801961	34.7721461129
3045.45677787	106.560525185
3053.50372103	43.7407129398
3057.44562359	32.5793832276
3060.46808211	162.647190354
3061.41682496	622.977746877
3068.4634563	33.0591787674
3071.435494	31.2646083485
3084.45740029	39.4896136493
3085.47291877	116.769342181
3100.4528436	176.926021383
3101.45584592	1042.24754606
3116.4810244	123.464600591
3117.45117685	629.10213484
3133.46448937	32.2304457449
3169.5138492	66.3736712309
3184.52866447	111.161297269
3185.50285347	290.951677754
3227.56460405	48.8804165095
3228.60731894	289.417230373
3385.60472002	31.8499667012
3400.61992867	29.2461936379
3401.64124042	117.999370875
