833.095418997	615.993579398
836.428582433	360.376483501
837.432423073	317.354430096
841.447328266	69.8003452644
842.491439358	111.231663225
850.243440675	156.173987544
852.446792665	123.304188868
853.424470011	179.176646259
855.050332745	404.79726126
868.462566628	157.91092489
869.458963961	191.1303215
882.560303834	106.922250347
898.500884058	99.4742390984
899.502748144	361.106707753
900.199768866	188.698118958
900.476856852	375.445880425
901.450839744	298.098984505
908.491018211	319.233328705
910.597910866	947.935527409
924.608997874	463.69604389
950.462471723	561.906120415
1003.46038055	115.6498992
1022.09790365	81.0718215841
1052.4948575	54.9429918609
1058.48349137	186.236697291
1060.07067458	1534.11624342
1088.54214378	86.4457795407
1095.5560848	1396.33679117
1105.57285802	3074.5703811
1106.56585369	3493.74259266
1110.53248333	76.0227625505
1122.52770857	58.8103861601
1125.5186775	183.6758827
1126.51182918	427.360373797
1132.50239044	195.707382461
1142.54181808	62.4719481298
1158.53436107	53.0050943479
1159.5733511	116.865858075
1160.56069141	179.20584371
1161.58606941	379.136086138
1164.60868896	98.4957419189
1165.5780205	112.001547366
1176.56259933	62.2058663413
1177.54902094	63.4441390113
1178.5628497	118.11680285
1180.56023034	58.3630404803
1181.56598975	69.1268377262
1182.59584671	754.190308472
1192.57344034	73.866920644
1193.57533846	152.542176284
1234.57474325	92.51532019
1251.59152095	1205.53082179
1265.70249376	588.78666944
1280.61873799	53.9315185559
1293.67957955	789.408664744
1306.60962868	114.557427878
1307.60632812	196.504802759
1311.61057852	675.950615702
1328.62531944	104.324551909
1343.64831718	386.855306735
1344.64391753	447.416919824
1363.69461955	60.9215044155
1364.69324042	62.3733858958
1389.64628411	68.220144395
1390.65423058	610.2625227
1437.72797901	186.350644681
1447.71724582	106.939888704
1449.67785683	104.886715335
1450.6974569	141.288658824
1453.73485405	9322.93098818
1458.68846313	125.861753073
1459.67412949	2974.24781118
1463.68162185	126.4919971
1465.68437553	5909.0529045
1469.72101285	1002.83014771
1475.67664062	73.3031172581
1481.68541603	114.986171576
1488.7389047	189.550412876
1490.72461545	121.082233239
1491.69731232	144.444134937
1493.69352276	94.0215065579
1506.70711978	153.802082299
1508.69098312	192.103317672
1510.70450964	661.436576656
1517.74545899	138.909723713
1522.70667042	128.134432009
1524.69366027	121.653253389
1530.73157917	93.7732104799
1531.73112498	114.971963112
1532.76631974	10231.2471689
1545.75603813	99.6391394266
1546.75273041	191.986739804
1548.76456264	2747.98590931
1553.75940125	142.726902342
1561.77191704	269.476487686
1562.7711264	4369.63309874
1566.73573723	3603.58148612
1578.75049912	103.11927353
1580.73221514	121.89326805
1582.73961922	172.517794585
1585.75143988	120.014487071
1586.74691693	3016.84809959
1590.75055868	173.113047948
1620.7640834	81.881079562
1622.77806874	169.946094954
1623.76650723	1636.63971826
1624.76286504	2782.42604035
1631.78332907	81.6123874687
1633.79603032	105.837563632
1635.74701253	85.0807091883
1636.76124119	136.67381069
1637.77157207	206.493364382
1639.75860993	200.528648906
1652.77809174	78.486257008
1653.79563337	236.620265771
1655.80172205	242.567640616
1656.78410369	355.752869118
1664.75397333	320.204512098
1665.75184493	905.324435821
1670.77600513	215.202425128
1671.78605162	346.539178498
1680.75606958	1908.68437381
1681.75168868	3841.35449407
1686.78691139	134.913212621
1696.76308784	84.7398355156
1697.81505052	108.75998393
1704.81284658	107.165084383
1705.82565731	142.148815988
1707.81651819	193.923924278
1713.80884611	122.309729119
1721.80291388	88.5877369111
1722.82831084	148.521203354
1723.82088964	240.13782259
1726.81996795	111.802079323
1734.82480078	116.487423001
1737.83712023	96.8548241623
1742.81306375	109.422674382
1750.8283422	224.689745184
1751.8225069	421.005931744
1752.80854493	1673.20217552
1758.79640034	77.4446603881
1759.73506993	291.739327748
1760.7080299	623.728404254
1763.81352088	111.296564052
1765.83191348	174.43477066
1766.83114053	357.810937032
1769.8376917	214.009263172
1776.74462852	126.934225774
1777.26525223	102.688883506
1781.85742819	257.731171348
1784.83286724	184.785721024
1793.25231852	875.744353341
1795.81790216	156.434507342
1807.84359114	76.7469960959
1817.86736624	156.76235713
1819.84275096	421.346935733
1824.82552079	82.1420794107
1832.84764235	483.824663283
1836.8559248	130.376405428
1838.85008138	130.980020941
1840.85768546	118.24671441
1841.88399537	602.408635403
1848.84588839	3179.3792542
1864.85138113	936.678095354
1888.89965112	218.300660597
1950.89952332	94.9888420577
1990.9222241	78.6932360173
1992.92463286	85.9099581318
2015.95237737	121.582452534
2038.98478312	629.070898718
2057.9661285	102.623477824
2068.96616012	114.302440293
2090.01579322	72.9012404218
2090.99511655	122.632215327
2105.9823182	370.74499648
2106.98469167	653.816496335
2120.97816333	83.7564901784
2121.97821217	494.62801775
2122.97494933	826.978261696
2129.13381356	2514.25632171
2135.00563006	157.048120135
2149.98358734	157.212912771
2150.97328854	473.44296511
2166.99512197	91.6382650627
2169.03751348	109.404312633
2184.01029436	64.6138257136
2185.03216069	212.468953995
2189.10048527	60.8450671977
2190.1149223	149.807700882
2191.14162574	302.137437934
2216.05239905	60.6831586185
2217.03222127	179.254471365
2232.05057604	302.738476605
2235.01167238	223.257028165
2245.01113645	80.4339262677
2245.97634976	405.630930021
2246.96618266	805.024097214
2261.05803345	65.7572034128
2261.98894765	126.288558209
2262.95997308	286.172995864
2273.02629809	70.070249992
2287.11192231	68.5948063783
2301.0845488	77.2820091667
2308.1537749	69.7113449737
2316.07933811	80.0724162769
2317.0715679	214.585243451
2349.12351777	57.6776066049
2351.17061186	60.952422805
2366.0941361	66.6912164179
2368.10512208	136.758024192
2527.1616796	65.9365737569
2552.25565619	108.017079042
2553.24087794	684.055094156
2579.20092711	51.658436511
2594.27770674	44.4668585409
2595.20538488	103.017410299
2695.24727664	402.291578795
2696.24440351	1129.18342349
2785.35996896	116.000686773
2786.3481404	343.92848704
2855.42656694	40.8832896597
2882.41186123	52.8863032735
2883.4464725	429.561440047
2896.36200895	50.3921934508
2897.38802459	115.984456761
2899.43369583	1700.01790751
2912.35727833	32.7829878162
2914.38224736	55.574315431
2947.36446616	36.6953755899
2948.40812328	106.114894804
3003.43858377	48.2505992284
3004.39816212	371.322649729
3005.38420502	994.456292682
3044.38801947	30.3720486979
3046.3906232	88.2707899694
3059.48087637	27.3828350428
3060.55012937	144.839387093
3099.44967586	29.9678214392
3101.42828093	112.086381002
3105.36642946	53.2492601253
3116.40398886	74.8023837586
3117.4010883	362.138005672
3133.39822275	95.5981502607
3580.63244955	17.6736200132
3581.60234436	81.5978817554
3610.72752608	16.2989698095
