703.09627594	114.548410423
704.13497375	117.077730328
705.118336258	192.232201077
706.123064566	199.15949635
707.119419525	352.386255931
708.130460907	167.493695876
709.125713383	144.035631689
710.130760739	110.135646564
711.112136019	186.036358861
712.126021155	166.731344392
713.110178147	274.295271321
714.116973042	183.700944662
715.120071616	154.561477218
716.14157821	159.611677454
717.117515032	149.390256679
718.137322409	181.880920221
728.144258085	238.42728812
729.148223059	173.775660144
730.145547123	253.080593068
731.143362701	178.030498273
732.149261009	202.382837003
733.1451616	167.618958868
734.144975934	162.253744559
748.292629342	179.312623617
755.304152991	163.801823312
756.297315184	138.529702069
757.284741643	229.886431749
778.275396399	128.735260095
795.291783247	148.399465315
796.307258859	113.265970643
799.312368584	394.032334767
800.322349976	216.842062476
811.31092538	175.693891838
812.305996054	127.765034944
813.316701237	256.032737457
814.326460765	168.648512144
817.289123446	151.855474598
823.321175701	129.585051659
833.178080423	1414.04481006
836.327913353	184.126223506
837.317658512	151.109007257
840.321306334	134.619575972
855.140235534	2850.44259917
866.524436878	199.65339225
867.508416927	172.49448578
878.33162537	138.011640124
879.334486855	123.780980296
900.31478739	280.694546009
902.343509962	113.77673168
905.354056938	158.392069959
906.345403042	152.963039671
916.352496462	118.595459228
917.346973533	132.61148483
918.349786087	113.230576851
950.549558588	337.980930877
1060.1675245	2259.92218657
1066.16694007	436.477025359
1095.64722529	758.802604862
1105.66193469	4868.05867771
1106.65708352	6036.74055869
1182.69815954	211.654845588
1235.73379685	271.08402131
1253.74563489	190.610817764
1266.71250645	92.3682874787
1267.70263698	366.784785524
1271.2043808	154.620805789
1310.73575672	85.881718852
1311.7312719	2718.4265466
1328.74384662	252.490802856
1333.73715201	144.031235003
1435.79277071	4362.22355829
1450.81311968	106.272516056
1453.85438255	6337.99646821
1458.78296292	101.292939165
1459.80112108	1605.29431691
1469.84232705	148.298094976
1475.833725	71.4785184566
1476.22117225	127.350197807
1478.80507281	101.537047457
1491.84523831	78.7178661849
1501.81593947	999.250731002
1505.85434998	68.082646564
1506.82595562	143.445086995
1511.90315412	186.390752699
1518.85282302	78.2808030386
1520.86946093	104.44011993
1532.82883708	88.4175497063
1546.89710495	138.53444159
1548.89445825	11497.0328718
1554.8361933	75.0065652743
1562.90303485	5582.6437928
1567.86995275	65.7900607875
1569.84453434	64.4173332402
1570.83869762	161.472208234
1574.92147244	78.2945022907
1586.87618951	2639.36382995
1590.91351284	440.050145286
1594.89101212	3535.42105123
1604.91623753	64.4329934649
1605.93068848	109.497985888
1620.95543626	2563.7041369
1644.87891096	97.4944259186
1659.86710253	92.5126591745
1660.85754642	207.516696788
1677.93127852	93.6651681913
1685.90778575	62.713478799
1706.90665595	771.326476668
1707.90066697	1906.51631553
1719.96172301	61.3392027561
1720.9502707	77.9218601279
1722.9060559	3504.04635901
1723.8994318	8025.72006271
1728.95213095	79.9651550014
1743.90479567	66.3371350687
1744.90667059	146.688258502
1747.96081561	72.0253978232
1748.95299386	107.42484472
1749.92844476	158.444149006
1750.95594415	256.7532968
1753.9851574	139.119971984
1759.87433462	157.258519816
1760.84974582	413.560888038
1761.39582866	64.5390960464
1763.94293488	129.636438541
1764.95382227	172.830169122
1765.95769786	275.014100243
1766.95781097	771.862178193
1777.41373541	209.204186094
1778.9914347	90.8245870535
1779.9439882	166.807648309
1780.9417359	445.302017443
1783.94943171	129.762083552
1793.03154046	73.681336799
1793.37526182	91.4312554142
1796.94012286	140.416641851
1797.94435093	179.811470837
1806.00834959	119.395609798
1816.01135271	64.8244354099
1817.00448576	500.776421661
1832.99913098	1671.65278605
1842.03706716	528.986640671
1847.98878261	56.5798873081
1848.99551104	1077.41443406
1864.00804344	384.30266904
1865.00279845	804.773454738
1921.04362435	64.008431838
1922.06981695	104.060352407
2004.09053143	107.450520886
2047.09992524	52.223895749
2050.11481854	64.9544402539
2053.11219363	117.009057485
2058.11517544	54.7493928349
2068.12555139	69.5911560225
2069.11106697	191.73547328
2071.13418894	387.309357692
2075.13733319	89.2438077562
2089.15098206	89.6541139907
2090.16020191	568.901600829
2091.14696416	953.012025162
2105.15823723	214.813844718
2106.15518246	1060.40688064
2107.14938307	2004.6205776
2119.11501656	51.6972313029
2121.15137413	79.0813712626
2122.163721	346.557773913
2123.14217417	589.358800827
2134.13820754	197.062155809
2135.13124319	722.575441699
2147.27234129	134.754430076
2150.16104836	88.4034288096
2151.13315738	265.045843579
2156.2356388	47.247566401
2158.13916332	60.8353226167
2160.26782946	95.3229066289
2163.2792286	988.223121441
2169.22328729	183.454318086
2185.21724897	106.196940964
2190.19635462	43.7244429611
2211.26395362	84.2736359806
2215.14514522	51.5634242586
2216.13481511	289.535403063
2217.12540014	650.716322773
2225.26425742	41.7886785753
2245.1942951	46.2398707411
2261.22175403	43.6324694443
2287.2607181	73.9965510207
2300.24332511	125.619235602
2316.23327121	88.3064038131
2317.22608857	247.23172401
2335.25987295	46.5549474315
2355.36128051	42.9574539368
2366.26451665	57.5624719142
2387.2852944	36.4370504389
2426.33165988	87.9919628052
2431.32653432	41.5145485312
2502.38377952	34.5114386882
2518.37548114	55.4709887871
2530.38413268	35.3044901359
2549.37895497	59.8440436615
2557.41064893	472.358359128
2564.38223401	32.3760760005
2565.37386134	144.037533917
2572.42017038	27.2484401427
2588.38980607	27.8843976052
2705.46867471	26.5819488345
2706.50117625	99.7213080327
2721.48301451	78.9601564743
2722.48122974	353.237697388
2883.66198455	30.516968835
2899.66548486	363.017703992
2960.60107384	60.037406052
2961.59244788	257.155865562
2962.58336091	642.884865694
2984.73491662	24.0312442107
2999.74867841	26.1803522125
3000.74915114	93.988515977
3019.6434343	22.6329358426
3044.62101613	19.6780687057
3059.6507287	23.7353775906
3075.65154606	18.5673322015
3076.63883782	62.9760780161
3165.75544981	16.6719205815
