785.437639402	68.5470283598
788.421437947	13.9688464576
801.150397275	35.3123578177
802.144631456	30.976537423
817.133730175	60.0586214468
823.108095115	22.5596163725
833.0945315	279.218206123
836.447265267	105.004355534
837.447483892	151.660561175
839.095860377	47.7165501936
839.446716706	16.9915489346
840.092494305	39.130084907
840.483335745	23.3937273965
841.466432343	58.5159844104
842.471347145	44.0350025241
843.435949268	38.8337531834
852.44665212	37.2737868652
853.444959874	74.5577524329
868.475778767	100.009788471
869.466711446	112.760987732
884.376189712	22.4611150949
886.452018455	62.5593196308
891.391541065	14.3973686595
898.538809642	62.815862692
899.521587761	112.242903897
908.499003757	80.9129516181
950.485278455	27.8264467891
954.4583342	28.6044581908
970.496980839	34.3688646809
971.482659076	30.3464236502
972.479022984	41.7127631437
1002.52348862	15.3306420802
1012.16633071	20.0899323291
1028.13073619	107.740727504
1028.49613891	14.1701664662
1029.13800359	98.1259178609
1029.52974975	14.5694492589
1044.11055545	430.831080139
1060.08819697	552.029497086
1095.57204467	51.9082027034
1105.59271743	493.380183152
1106.58479391	787.192391409
1124.53644517	15.4975130864
1125.56786415	32.0902146135
1126.54982135	39.9957235172
1132.52569363	91.6914584252
1162.61322584	24.7501101491
1169.56483223	14.0197487347
1177.60796057	41.9388209573
1178.59237805	185.688926966
1200.60107802	21.8874520266
1201.61928317	68.9686110935
1202.60628126	322.175918445
1205.62624349	19.3455313544
1207.63874319	231.11589596
1215.62484891	16.0033291424
1216.60218563	52.1477413699
1252.65076504	15.3397602877
1261.64811558	599.835430647
1267.69942491	301.552664161
1281.6502218	63.7008845646
1324.68471172	32.6318133291
1453.77339275	3981.6720334
1458.71476694	33.7789996229
1459.72168088	1080.01212013
1465.72644225	1558.14500835
1468.72573506	45.4358223723
1469.75235969	160.367794418
1473.70640991	227.315252444
1477.74899291	24.3301857023
1478.7219621	127.71068568
1510.75647106	40.8731493171
1517.78238186	39.9323954089
1544.78892937	17.9885735713
1545.78431502	24.3092846921
1547.81214439	34.5037464588
1549.80664485	42.6031904102
1559.76922964	18.4367526496
1560.84111677	3880.50196044
1562.8283404	4133.43191049
1566.78356689	352.763119901
1576.8264793	30.0805209184
1579.7956583	20.9822526403
1586.78600908	961.130357217
1588.86637714	2217.49106397
1615.83475938	140.859078056
1616.83478467	331.97194485
1621.8089827	24.1216105507
1624.79516409	179.939655556
1627.79849409	30.7921615856
1631.81272967	19.5906370059
1637.81360873	26.25467862
1638.80930821	49.431211197
1644.76873352	18.2122595257
1645.77532506	27.344261607
1654.83253845	21.0910147838
1655.82652435	128.720930558
1656.83212085	487.499107682
1663.79424168	18.807430997
1668.80515705	21.6371019905
1670.83372753	56.1058984407
1680.81455734	66.2273031289
1683.86214684	30.3648352126
1690.82531792	74.1656548394
1691.81273604	154.927913653
1696.81554906	31.7830953487
1698.85765433	45.9220576928
1701.78397272	29.4215651041
1706.80353875	611.227089108
1707.79889598	1304.64560312
1712.81072899	21.2239866987
1722.87406034	20.2833596074
1723.86104413	41.466537215
1726.87104912	37.4965842962
1727.88084234	79.7394130884
1733.88439103	55.2200229444
1753.9021407	23.9042547344
1754.91036604	36.3634625161
1759.80655066	21.5591315852
1760.75908237	70.9130949467
1765.90093162	39.0719560644
1767.88483062	47.9216243178
1769.84093758	35.6059811938
1777.24191062	26.6434578079
1780.88209702	161.776130467
1783.82999585	131.411723945
1816.88142346	75.1225493095
1831.90404373	18.9203378404
1832.88431597	273.547983346
1841.92750083	61.4406237132
1848.87447757	118.399043953
1863.87554267	32.5814913314
1889.93728739	42.6267049597
1961.96776073	23.2735261901
1988.12732637	28.0259055816
1989.05215976	61.1806727335
2004.00323583	396.879191562
2015.94962452	30.0629362229
2019.97037364	51.9236488791
2020.99172594	104.694944535
2042.06461837	25.7823467816
2043.05998977	73.4781465643
2045.97424479	26.0884732948
2052.00548031	128.484253065
2053.00308829	277.239968348
2057.0168074	19.8789479152
2057.9777925	644.721237775
2069.01184255	24.2699533148
2089.01169966	37.2382558026
2090.04255562	127.060326598
2105.04064867	168.83724739
2106.03198475	676.688031051
2117.01427395	25.2918609761
2120.02088441	21.8769200792
2121.05032833	67.7181861591
2122.02965613	196.043853862
2134.01463439	181.934382936
2135.01222512	434.083834805
2147.12822781	1287.61305012
2151.02719448	276.065150513
2160.01295696	22.3220241427
2162.08719681	27.5987241515
2165.06339953	96.6163029822
2201.04054481	38.1954924508
2215.9981134	29.1601195057
2228.01644573	23.3047497025
2230.09988086	198.659811762
2245.06860018	20.0961775637
2246.08662014	1036.23191957
2261.14076006	31.9581675553
2262.10106171	181.109132312
2282.08655175	162.020375205
2298.09165185	77.6461122983
2302.09551213	59.8830460506
2316.09781985	54.9645814093
2317.06176859	200.24432985
2337.18503527	42.809618048
2338.16803473	116.186183729
2358.11174037	33.8840787706
2394.13579198	41.6281852842
2396.15069289	41.6493596686
2400.14918423	22.8205696377
2410.19513616	32.6003603371
2411.15820598	289.344576639
2415.1460675	116.849261589
2440.22781824	25.0138317103
2444.18613332	20.956730594
2454.21996792	24.7008756319
2455.23533581	95.0982385967
2471.21654931	107.871542099
2501.19831236	28.0514667944
2503.17638401	69.2891078485
2513.19050256	32.8755758897
2529.21104863	38.274970365
2549.21164918	25.7182359368
2573.21150917	17.4134381614
2599.21108728	167.389969773
2622.27874446	21.6365658546
2689.28164746	26.2783641361
2690.28091168	72.035455777
2703.29427626	119.793306304
2704.27446728	566.329696953
2706.27938338	1599.35901794
2712.2997039	24.1312051591
2719.24894907	58.0233967286
2720.27491726	256.636153136
2753.34531468	29.5645477998
2793.32564948	34.5276150252
2800.30579218	18.0839271078
2837.44693287	19.5948683681
2852.39251792	18.5018552467
2853.43034521	1093.20221114
2867.34854569	15.8976751366
2869.43160054	107.606706384
2882.38121138	20.8409539194
2897.39025938	36.5478559368
2961.3860189	12.562972091
2975.40013569	44.6372102332
2976.38510469	430.551449784
2977.37267834	1186.60005211
2999.48884094	28.146773386
3000.48922247	123.805306531
3054.54668867	11.9383872961
3060.43531862	41.5662757642
3061.41668797	228.027754758
3085.4971702	11.3834067223
3100.41077032	83.6273845443
3101.43642234	414.317329766
3116.4154409	72.511650256
3117.42319103	373.421606619
3132.41491067	11.0425655148
3134.41955431	50.9713443501
3169.47251663	11.970658949
3184.46930148	24.6452124628
3185.49721773	76.4883530554
3241.58657986	15.3639925661
3242.53854351	59.1207296104
3259.49836063	9.94657000054
3372.59290185	9.6660585325
3389.60901504	46.6372177799
