833.078919139	172.831557992
836.432512526	197.820883578
837.422648789	183.048653434
841.454973116	42.548851032
842.4939545	50.1253282308
853.426842893	91.5942634353
855.047295625	333.298931147
868.44740016	88.8049667039
869.433503139	121.526965183
899.481127013	90.236442809
900.46839972	85.5868702663
901.445174495	93.2917315876
908.479853753	87.7340044821
950.463931021	160.865270659
1060.05921097	183.801554529
1095.54987256	184.851173288
1105.56758691	1946.25518365
1106.56013408	3631.38220367
1125.54131914	37.8098525968
1126.50709415	103.858653767
1160.55690009	116.944741402
1161.59052545	313.44709002
1177.55864792	37.2610079281
1178.55626057	86.5996594482
1182.59438874	263.374324064
1193.58750242	58.1198326284
1250.55587477	47.2531376339
1251.59223357	516.408858783
1293.67898922	524.080080359
1311.61256217	531.048532817
1325.59833065	82.8578930011
1328.61420346	56.2851374295
1344.62387918	56.6790285224
1379.64266021	396.78664911
1390.66395612	77.2118752805
1435.69786095	67.9389973977
1437.70946134	119.666684684
1449.66986555	80.2073983684
1451.69347265	69.2094099309
1453.72512887	6861.48083986
1458.68902	73.8605016737
1459.67347518	2283.7236581
1463.7030273	54.8068714311
1465.67534829	5530.7340479
1469.71183177	567.173856081
1475.69199013	77.5961413292
1481.71249158	226.214624568
1488.72405031	67.4268111257
1490.71306487	90.3108321824
1493.68009999	54.6615681773
1495.71757877	104.652074273
1500.69652024	112.996581309
1501.68795878	505.507190703
1506.68634485	60.3245607424
1507.68786219	71.7704368717
1508.67164637	110.487213293
1510.6990042	231.218145883
1514.74478151	113.953137129
1516.73648747	64.319548113
1517.75101882	104.766789594
1522.68955214	61.6114138797
1524.68152908	62.2128954494
1530.7209584	77.2958948582
1532.76280927	15303.0047189
1537.72141201	174.865199987
1544.74640937	47.6041295864
1545.75681504	57.7219396049
1546.75122436	132.438550713
1548.75558466	2938.27481651
1553.72001674	78.9669179039
1560.76413797	85.2543634759
1561.77505584	547.835425611
1562.76761167	4758.82894513
1566.72931112	2072.18160471
1570.71958535	89.4124843063
1577.7597033	53.3959269645
1578.75755484	104.354440599
1581.71785658	58.458748934
1582.72103411	98.2036205696
1584.73716151	58.8731708697
1585.74432304	121.256244289
1586.73657974	2875.94603858
1590.7570358	133.195967712
1599.71627248	71.0724404315
1600.69451993	197.948756644
1620.76146564	55.9611409178
1622.75570854	58.2220026154
1623.75436567	455.813254781
1624.74527693	1511.14618719
1628.74929413	89.3168203146
1631.75783871	56.9574910171
1632.77631554	77.2217489073
1634.75292738	57.8006756242
1635.75450692	76.4045671689
1637.74264609	68.2723119401
1639.75956992	58.8629440734
1640.74349147	77.5362929962
1653.7568727	53.0048688426
1654.76792417	83.8824406033
1655.7728592	171.850356924
1656.77520496	301.558798626
1663.75509454	52.1537063602
1664.74717426	333.465031326
1665.7334643	1221.25130908
1669.75009019	53.3995733957
1671.74860588	81.9744947592
1679.74641576	592.241322651
1680.73981195	1729.21384289
1681.73033496	3424.35373259
1686.76376541	55.2291968905
1695.75616892	65.1096923416
1697.74345706	66.1101756314
1703.8125739	49.1578054744
1705.79854267	49.7351271181
1707.79546099	82.8034806036
1714.79273007	80.4182127025
1721.7786186	53.7719274534
1723.80207165	83.3128839963
1733.82173983	75.5319584575
1737.79502894	54.653069722
1739.78645136	67.1317818563
1742.73146783	46.4779678498
1744.79363466	45.7716436385
1750.79806744	63.6881495679
1751.81084263	131.91526016
1752.7970646	510.313516823
1759.71873506	77.2219572212
1760.69246366	199.793526367
1763.80817792	65.496678571
1766.80840708	94.9540568137
1768.81650771	98.2976614043
1770.83188243	59.3539713407
1777.2242455	52.1724634902
1781.82454189	45.8913679289
1782.80349463	65.3566316813
1783.77851002	138.71210902
1790.83067188	46.3834923158
1791.83257564	85.9591660727
1793.24486911	148.360351533
1794.84984632	53.5880581969
1798.85617941	46.7719277804
1800.81816724	46.9544783081
1807.84274669	85.4451351019
1808.84175302	212.265402356
1809.83645352	332.467702551
1814.87465755	945.49221358
1818.87314885	109.030175029
1819.82691	269.931541418
1820.81226034	494.160867175
1830.84836581	92.9297957339
1832.83040129	459.920109876
1838.80382983	46.8013752605
1841.86911406	326.350934844
1848.82588773	1024.34383526
1864.83236615	162.501289249
1888.86519096	48.1595056141
1901.88682891	44.2096913769
1921.85619724	48.8923084999
1959.89091445	43.5765686792
1976.90815231	54.7932810514
2022.95003413	77.9170821711
2038.94506004	618.102663019
2051.91596768	38.8704066618
2052.92629574	63.788744699
2057.93552288	83.1249998684
2061.90365631	76.8788542004
2068.91522084	113.559911575
2083.91115365	70.9688723369
2088.92942469	43.7768717558
2089.94850839	144.817957247
2090.95154744	280.970220374
2104.95814522	71.0789720114
2105.95554395	520.832548124
2106.94313784	1152.77222184
2120.95180611	46.8189097005
2121.94984313	310.405730855
2122.94029325	603.378080583
2129.09680341	81.6624268753
2133.94833114	67.114542755
2134.93085426	323.332225339
2148.96803204	58.6689168854
2149.93379885	114.122846179
2150.91909184	469.877593021
2166.93816351	42.9015063046
2168.98464243	82.1806699126
2184.9814458	90.6176721003
2190.04986756	62.3062612546
2191.08144549	139.380168257
2216.00421137	66.4939070213
2216.99707222	125.252523712
2232.01373327	453.543212528
2245.94393225	131.540198643
2246.91785226	391.960637166
2261.97125333	47.7759453174
2273.01155994	45.386353681
2288.02806355	47.21402528
2301.98683706	67.0672315212
2316.03471489	37.6544312566
2316.99701066	76.4383721081
2317.99031478	249.443882556
2348.05168994	43.1495723484
2349.03073954	78.6914354385
2367.04774109	35.5679162451
2377.06066027	43.712379823
2405.06309312	52.1519061158
2406.05378982	104.190622239
2485.16550081	57.9280764857
2492.13164967	33.1673554873
2501.16007164	33.591503904
2528.05383003	29.6170669175
2552.20594424	68.16907513
2553.20210049	535.543253494
2579.14190254	33.0114824038
2595.13182228	60.4907694218
2681.17373674	31.9559638362
2695.19783414	37.5597554498
2696.19279794	313.406344086
2723.24583158	40.041383546
2786.28088677	31.846245723
2824.26075027	19.6471329732
2851.34322554	16.4757511678
2881.33126718	20.5186141685
2883.36850538	125.921208616
2897.32775687	52.6467630893
2899.36489141	336.637754737
2948.31553072	17.4704474934
3003.34483211	16.1625777647
3004.33715674	131.228513512
3005.32740761	638.945670683
3045.36804945	14.9028856799
3060.42514493	23.8876837693
3061.44068321	59.7560969779
3090.36006608	34.2400953751
3101.42266281	11.0817180391
3102.34268359	45.3927780047
3105.35302422	37.2183077718
3117.33569904	35.0140806779
3118.34423916	103.698966979
3134.33325779	14.0531132703
3420.51726749	6.4791048004
3582.5534832	9.75180740505
