785.428797328	42.5297513859
811.444773136	22.0541157288
833.094218731	100.462472535
836.461894505	154.366109923
837.457224164	128.601006986
839.093863321	90.7719293479
841.485894765	19.09047249
842.474950878	14.025103108
843.445351916	18.4117259837
852.468273173	20.0277534042
853.43682043	34.6834775211
854.467006753	40.554397174
855.079091643	660.851259907
855.451580577	48.4237994017
886.451717716	42.2300845663
887.460039669	84.33917056
892.503973071	69.3860867666
898.533298931	84.1963764436
899.529004764	194.661670812
900.311912409	25.4562231507
908.514413027	55.516261344
928.459125765	26.3518591616
929.465130516	19.1566423273
945.45909084	27.8145823777
946.455335448	40.7036399133
950.499127338	48.0906433703
952.504066127	17.2775414349
1010.52279345	17.4451626513
1011.50719559	22.4584334144
1044.10696799	48.4286420502
1060.08563133	429.62247519
1066.1013517	67.3249395809
1067.52007623	15.5156622734
1094.62490776	14.3902888963
1095.60012449	103.802542367
1104.58276006	16.2944199442
1105.61051804	532.389939924
1106.61067491	701.517054553
1124.52995687	17.5699904774
1125.55602327	62.8349769657
1126.5585094	50.2824702924
1132.51055614	263.032560702
1138.56824336	23.7529632096
1166.59290637	17.0054813279
1177.60568605	159.665165328
1178.59427005	377.441674502
1201.62615847	228.05722746
1202.61135615	852.97226904
1216.65334724	17.3207832517
1222.60813242	15.0184888148
1223.62640013	18.1046673084
1230.61514654	78.2485446033
1233.71560967	189.042204242
1250.62411678	19.651754621
1261.67418612	651.578990999
1265.67106716	25.068726103
1266.67759525	31.6809061724
1267.71871896	365.07730503
1281.66198733	344.816046228
1324.67022909	25.170599013
1333.69116723	25.8707208907
1435.7753202	49.3037280854
1451.73857456	26.780706246
1453.79611727	9674.98161419
1458.72917078	58.3794223275
1459.74236907	967.938051963
1465.74860765	2179.50577211
1468.74913027	92.0965455653
1469.78932849	554.566958184
1473.7283295	280.534034093
1485.82417664	42.917159169
1490.76715318	98.4936786577
1510.78625645	82.2403546515
1517.82849021	41.3810837226
1528.76335755	196.950086502
1542.82537515	54.7621900093
1544.83417031	72.2807842983
1545.84780702	103.762010492
1546.85436	151.579816574
1549.82023987	60.6634188101
1559.8440608	24.5848834708
1560.87294272	10074.2180419
1562.86233875	7845.43100312
1566.81830841	512.732944959
1576.85282713	87.5168517917
1578.84802549	72.1265734835
1581.83157936	45.6564859811
1585.82078191	54.2859191638
1586.82317574	1409.42815907
1591.85733418	27.3617487441
1592.85714603	53.4704180706
1593.83068278	333.800630339
1594.81217208	2322.0465741
1606.83353373	27.9640493431
1615.87751476	239.476779948
1616.87197258	563.178532556
1655.85653284	60.6947475997
1656.85938586	135.253712442
1667.88263462	28.6626071201
1669.83683586	41.3688136696
1670.85393514	99.4022660001
1682.91522773	29.9751238944
1683.88264771	83.9201907446
1685.84778844	73.7303246792
1690.84460984	620.229667449
1691.84769443	801.472638201
1697.87791717	49.0474700438
1698.88703326	70.2379985493
1701.82174239	102.646509475
1704.84841888	32.2146278719
1706.84211383	1898.68665077
1711.88479899	50.2019661896
1721.89765438	32.1402616884
1722.90521628	82.221916545
1723.9011518	122.866654797
1726.9233656	254.886190674
1733.90949392	33.3199302396
1735.90926917	40.1352647111
1736.89869869	202.273644461
1749.86214748	37.1412004782
1750.89063931	69.2002703665
1752.91915461	79.6256677347
1753.93965989	173.658386577
1759.81449605	99.5271935003
1765.90933351	55.6575752757
1766.90700616	142.17956379
1768.92540672	105.223028003
1777.34730502	351.458642132
1784.93964233	52.3517107073
1793.35118532	191.12218592
1796.9465993	39.455772695
1799.88551526	97.9144568677
1816.9422679	136.000434085
1818.94173863	132.479500589
1821.8596019	40.3169811948
1831.99859687	44.8010987074
1832.94038316	1376.77722863
1848.93503567	813.476404983
1863.94877986	63.747471672
1864.94082417	157.398167468
1934.03362932	34.0485027238
1976.06762776	66.8948005683
1989.00363461	36.5935837221
2016.02964309	48.5337803326
2035.03685847	40.3017508823
2037.04583032	56.8418700031
2042.14815627	47.6516762652
2043.10345538	89.4775223075
2049.04628954	37.656047795
2051.07085565	112.255747078
2052.04283054	1369.36133057
2053.04332388	2789.69804447
2058.04271291	720.638544758
2062.06551691	109.965888262
2068.05442706	106.573461709
2072.06801985	38.4462761307
2074.05509884	82.6093028645
2075.06171103	154.370995219
2078.09892414	55.1448681094
2088.06778311	44.9984245321
2089.09110036	407.25479234
2090.08321204	1732.94542717
2105.08918138	1017.19214537
2106.08598261	3582.32010881
2117.05435889	53.5540757159
2118.11134169	96.1456261206
2119.07357865	159.476800618
2121.09436638	325.270762849
2122.08635615	705.797862885
2133.12433858	36.6477049415
2134.0588686	2467.11935036
2135.0724641	7203.4370199
2148.14911726	53.1084665462
2150.05769302	619.044418504
2151.05328271	1527.37354778
2156.04242999	159.626856306
2160.25478143	133.226444105
2163.20282384	3514.86592224
2169.13509376	53.0721420657
2172.05537019	41.2592295258
2173.02886207	71.7256344131
2179.16117373	41.8720187445
2215.09849139	63.416976684
2216.13263788	641.733383477
2227.11898634	58.03996822
2228.10766059	106.613106181
2232.11352546	47.1184588647
2255.14533382	37.6462697615
2271.13648153	50.2906035904
2288.18456963	42.9693537004
2297.21528295	52.0253900496
2300.14600092	207.28698867
2301.14235841	531.090726763
2316.14145144	816.007856986
2317.13602948	2172.99680682
2322.21323336	114.344786914
2332.18953313	39.0030235331
2334.1640434	53.4434968045
2336.30973544	195.053210263
2337.29648278	626.3757888
2342.21931973	131.024500404
2353.26370516	43.5178714648
2355.30690826	140.769427047
2358.2539097	113.887895764
2359.22286325	215.620179305
2370.25314533	34.6030092541
2379.3016285	83.3035891853
2380.30806539	171.021690881
2384.25669348	43.4120576929
2386.24316222	63.5443269524
2397.27752786	41.5411715294
2398.3234583	83.1534146745
2411.25450688	156.010828736
2414.25424762	107.344346434
2415.24805761	262.491887007
2427.2913827	33.2984782634
2442.28070018	40.0231501657
2470.29173361	33.94785395
2485.30039593	57.815481864
2487.30575284	101.03477952
2501.30234677	51.7632753102
2502.28528886	156.704468938
2525.28899725	30.8491506889
2528.30009541	31.3594326751
2531.34353172	30.8795527038
2533.30325311	34.5423827843
2548.32465501	59.1309296968
2549.32088726	219.554216815
2581.32303465	49.2663287146
2589.35887859	50.4208084228
2597.36783796	64.8438680198
2598.36047487	550.128066326
2599.35365918	1810.93902658
2674.41377609	35.3508852462
2676.40759593	53.9931667724
2689.39806305	124.800262339
2690.39277588	431.02471208
2704.3782379	33.7771993265
2705.40270412	863.415889235
2706.39176278	2813.15737814
2713.41092124	35.1049334402
2720.38538744	30.8341109525
2722.40431915	55.9919964744
2792.47143808	274.631897071
2793.47372699	1038.0264073
2800.5202033	33.7045541784
2838.52774259	28.5091929628
2853.57465451	1289.90247016
2866.4944339	23.3965594979
2869.5674238	315.794903812
2896.53762043	36.7917216661
2897.5427545	92.6647945399
2944.61953493	24.8474787177
2957.66490204	124.486826902
2958.65398	399.187232344
2974.59990965	27.3832624363
2975.54211667	151.898194727
2976.51634422	974.874515255
3044.6100669	20.2809422236
3046.59841889	69.7011078018
3053.61113997	33.2043745363
3059.6679684	23.4146119225
3060.60675885	202.997671319
3061.55680292	1008.74450721
3068.6300536	19.531113289
3070.57785898	36.2816142705
3080.61693789	19.7955427314
3085.57642867	21.7528482773
3100.58028634	30.3137989097
3101.59416124	90.5193585537
3116.5782564	215.757132077
3117.56390944	1138.71477928
3133.56834501	62.0952628932
3212.71105856	340.795306848
3228.69496819	41.7691249098
